-6.234501488506793976e-03
-2.462164731696248055e-03
8.972240611910820007e-03
5.491683725267648697e-03
6.000122055411338806e-03
-9.376485249958932400e-04
-1.440423447638750076e-02
1.414168742485344410e-03
3.126607043668627739e-03
-8.884866721928119659e-03
7.673017680644989014e-04
3.171345451846718788e-03
2.380070975050330162e-03
8.248889935202896595e-04
6.711698952130973339e-04
6.393691524863243103e-03
-1.142711029388010502e-03
-5.793340969830751419e-04
1.596008311025798321e-03
-2.861696761101484299e-03
-6.714473711326718330e-04
-4.339913837611675262e-03
-9.881033329293131828e-04
-8.550618076696991920e-04
-3.566735656931996346e-03
2.781397430226206779e-03
-5.811768933199346066e-04
2.641095314174890518e-03
3.126964904367923737e-03
8.272974519059062004e-04
5.332188215106725693e-03
-1.054862164892256260e-03
1.768715912476181984e-03
-3.157832543365657330e-05
-4.144953098148107529e-03
2.366675034863874316e-04
-6.245506927371025085e-03
-1.393969403579831123e-03
-2.315360819920897484e-03
-3.646254539489746094e-03
3.694420680403709412e-03
-1.929731806740164757e-03
5.267284344881772995e-03
3.720811801031231880e-03
1.866472302936017513e-03
7.548839785158634186e-03
-1.821557176299393177e-03
3.860598895698785782e-03
-1.725792651996016502e-03
-5.118044558912515640e-03
4.959784291713731363e-06
-1.010903064161539078e-02
-1.005053753033280373e-03
-5.183599889278411865e-03
-4.107348620891571045e-03
4.955885466188192368e-03
-3.347721649333834648e-03
9.667634963989257812e-03
3.949001431465148926e-03
4.781347233802080154e-03
1.090542040765285492e-02
-3.031510394066572189e-03
7.575091905891895294e-03
-5.033252760767936707e-03
-5.952899344265460968e-03
-1.516033546067774296e-03
-1.644622348248958588e-02
-2.029200259130448103e-04
-1.121931523084640503e-02
-4.005642142146825790e-03
6.171133369207382202e-03
-5.258493125438690186e-03
1.800908707082271576e-02
3.743298118934035301e-03
1.200583204627037048e-02
1.643050648272037506e-02
-4.333360586315393448e-03
1.530338171869516373e-02
-1.277831755578517914e-02
-6.356636527925729752e-03
-6.892549805343151093e-03
-3.006763011217117310e-02
8.834422333166003227e-04
-2.733249589800834656e-02
-2.295476617291569710e-03
7.046348880976438522e-03
-8.592539466917514801e-03
4.216131195425987244e-02
3.081054193899035454e-03
3.916062414646148682e-02
3.400471806526184082e-02
-5.462989211082458496e-03
4.703129082918167114e-02
-5.012286454439163208e-02
-6.183914374560117722e-03
-4.817650839686393738e-02
-1.312293261289596558e-01
2.048379275947809219e-03
-2.669797241687774658e-01
5.222290754318237305e-02
6.740304827690124512e-01
5.222290754318237305e-02
-2.669797241687774658e-01
2.048379275947809219e-03
-1.312293261289596558e-01
-4.817650839686393738e-02
-6.183914374560117722e-03
-5.012286454439163208e-02
4.703129082918167114e-02
-5.462989211082458496e-03
3.400471806526184082e-02
3.916062414646148682e-02
3.081054193899035454e-03
4.216131195425987244e-02
-8.592539466917514801e-03
7.046348880976438522e-03
-2.295476617291569710e-03
-2.733249589800834656e-02
8.834422333166003227e-04
-3.006763011217117310e-02
-6.892549805343151093e-03
-6.356636527925729752e-03
-1.277831755578517914e-02
1.530338171869516373e-02
-4.333360586315393448e-03
1.643050648272037506e-02
1.200583204627037048e-02
3.743298118934035301e-03
1.800908707082271576e-02
-5.258493125438690186e-03
6.171133369207382202e-03
-4.005642142146825790e-03
-1.121931523084640503e-02
-2.029200259130448103e-04
-1.644622348248958588e-02
-1.516033546067774296e-03
-5.952899344265460968e-03
-5.033252760767936707e-03
7.575091905891895294e-03
-3.031510394066572189e-03
1.090542040765285492e-02
4.781347233802080154e-03
3.949001431465148926e-03
9.667634963989257812e-03
-3.347721649333834648e-03
4.955885466188192368e-03
-4.107348620891571045e-03
-5.183599889278411865e-03
-1.005053753033280373e-03
-1.010903064161539078e-02
4.959784291713731363e-06
-5.118044558912515640e-03
-1.725792651996016502e-03
3.860598895698785782e-03
-1.821557176299393177e-03
7.548839785158634186e-03
1.866472302936017513e-03
3.720811801031231880e-03
5.267284344881772995e-03
-1.929731806740164757e-03
3.694420680403709412e-03
-3.646254539489746094e-03
-2.315360819920897484e-03
-1.393969403579831123e-03
-6.245506927371025085e-03
2.366675034863874316e-04
-4.144953098148107529e-03
-3.157832543365657330e-05
1.768715912476181984e-03
-1.054862164892256260e-03
5.332188215106725693e-03
8.272974519059062004e-04
3.126964904367923737e-03
2.641095314174890518e-03
-5.811768933199346066e-04
2.781397430226206779e-03
-3.566735656931996346e-03
-8.550618076696991920e-04
-9.881033329293131828e-04
-4.339913837611675262e-03
-6.714473711326718330e-04
-2.861696761101484299e-03
1.596008311025798321e-03
-5.793340969830751419e-04
-1.142711029388010502e-03
6.393691524863243103e-03
6.711698952130973339e-04
8.248889935202896595e-04
2.380070975050330162e-03
3.171345451846718788e-03
7.673017680644989014e-04
-8.884866721928119659e-03
3.126607043668627739e-03
1.414168742485344410e-03
-1.440423447638750076e-02
-9.376485249958932400e-04
6.000122055411338806e-03
5.491683725267648697e-03
8.972240611910820007e-03
-2.462164731696248055e-03
-6.234501488506793976e-03
