4.500000000000000000e+00
4.366296768188476562e+00
7.298713207244873047e+00
-1.913947910070419312e-01
1.218902230262756348e+00
1.049135017395019531e+01
-1.489078760147094727e+00
-1.540164828300476074e+00
-6.136063575744628906e+00
4.325843334197998047e+00
4.674994468688964844e+00
-5.123118877410888672e+00
2.629196166992187500e+00
1.283538460731506348e+00
7.129683494567871094e+00
-5.674994468688964844e+00
-8.136633872985839844e+00
9.872608184814453125e-01
-2.723710775375366211e+00
2.464462965726852417e-01
-7.491350650787353516e+00
5.827956199645996094e+00
9.691338539123535156e+00
2.201230287551879883e+00
2.680561780929565430e+00
-1.500000000000000000e+00
9.134118080139160156e+00
-2.251776456832885742e+00
-5.837872982025146484e+00
-1.856540441513061523e-01
2.019214630126953125e+00
7.454403400421142578e+00
-6.065642356872558594e+00
1.876063108444213867e+00
3.833357095718383789e+00
2.028582841157913208e-01
-4.102160453796386719e+00
-1.126827144622802734e+01
3.768328189849853516e+00
-9.446980357170104980e-01
-1.202858328819274902e+00
-5.907246470451354980e-01
4.387812614440917969e+00
1.321444511413574219e+01
-1.643612742424011230e+00
9.807853698730468750e-01
1.790895462036132812e-01
3.925138711929321289e+00
3.390419781208038330e-01
-9.140682220458984375e+00
4.500000000000000000e+00
3.130228757858276367e+00
4.947572231292724609e+00
-3.427462816238403320e+00
-2.585323810577392578e+00
6.491350650787353516e+00
-5.293304920196533203e+00
-4.776232719421386719e+00
-8.487204551696777344e+00
3.089775085449218750e+00
4.674994468688964844e+00
-3.887050867080688477e+00
4.980337142944335938e+00
4.519606590270996094e+00
1.093390941619873047e+01
-1.674994230270385742e+00
-4.332407474517822266e+00
4.223328590393066406e+00
-3.725697398185729980e-01
1.482514262199401855e+00
-7.491350650787353516e+00
4.591888427734375000e+00
7.340197563171386719e+00
-1.034837841987609863e+00
-1.123664140701293945e+00
-5.500000000000000000e+00
5.329891681671142578e+00
-5.487844467163085938e+00
-8.189014434814453125e+00
-1.421722054481506348e+00
2.019214630126953125e+00
8.690471649169921875e+00
-3.714501142501831055e+00
5.112131118774414062e+00
7.637583255767822266e+00
4.202858448028564453e+00
-2.979344427585601807e-01
-8.032203674316406250e+00
6.119469165802001953e+00
2.913699448108673096e-01
-1.202858328819274902e+00
-1.826792597770690918e+00
2.036671400070190430e+00
9.978376388549804688e+00
-5.447838783264160156e+00
-3.019214630126953125e+00
-3.625136613845825195e+00
6.890706419944763184e-01
-2.012099027633666992e+00
-1.037674999237060547e+01
4.500000000000000000e+00
4.366296768188476562e+00
7.298713207244873047e+00
-1.913947910070419312e-01
1.218902230262756348e+00
1.049135017395019531e+01
-1.489078760147094727e+00
-1.540164828300476074e+00
-6.136063575744628906e+00
4.325843334197998047e+00
4.674994468688964844e+00
-5.123118877410888672e+00
2.629196166992187500e+00
1.283538460731506348e+00
7.129683494567871094e+00
-5.674994468688964844e+00
-8.136633872985839844e+00
9.872608184814453125e-01
-2.723710775375366211e+00
2.464462965726852417e-01
-7.491350650787353516e+00
5.827956199645996094e+00
9.691338539123535156e+00
2.201230287551879883e+00
2.680561780929565430e+00
-1.500000000000000000e+00
9.134118080139160156e+00
-2.251776456832885742e+00
-5.837872982025146484e+00
-1.856540441513061523e-01
2.019214630126953125e+00
7.454403400421142578e+00
-6.065642356872558594e+00
1.876063108444213867e+00
3.833357095718383789e+00
2.028582841157913208e-01
-4.102160453796386719e+00
-1.126827144622802734e+01
3.768328189849853516e+00
-9.446980357170104980e-01
-1.202858328819274902e+00
-5.907246470451354980e-01
4.387812614440917969e+00
1.321444511413574219e+01
-1.643612742424011230e+00
9.807853698730468750e-01
1.790895462036132812e-01
3.925138711929321289e+00
3.390419781208038330e-01
-9.140682220458984375e+00
4.500000000000000000e+00
3.130228757858276367e+00
4.947572231292724609e+00
-3.427462816238403320e+00
-2.585323810577392578e+00
6.491350650787353516e+00
-5.293304920196533203e+00
-4.776232719421386719e+00
-8.487204551696777344e+00
3.089775085449218750e+00
4.674994468688964844e+00
-3.887050867080688477e+00
4.980337142944335938e+00
4.519606590270996094e+00
1.093390941619873047e+01
-1.674994230270385742e+00
-4.332407474517822266e+00
4.223328590393066406e+00
-3.725697398185729980e-01
1.482514262199401855e+00
-7.491350650787353516e+00
4.591888427734375000e+00
7.340197563171386719e+00
-1.034837841987609863e+00
-1.123664140701293945e+00
-5.500000000000000000e+00
5.329891681671142578e+00
-5.487844467163085938e+00
-8.189014434814453125e+00
-1.421722054481506348e+00
2.019214630126953125e+00
8.690471649169921875e+00
-3.714501142501831055e+00
5.112131118774414062e+00
7.637583255767822266e+00
4.202858448028564453e+00
-2.979344427585601807e-01
-8.032203674316406250e+00
6.119469165802001953e+00
2.913699448108673096e-01
-1.202858328819274902e+00
-1.826792597770690918e+00
2.036671400070190430e+00
9.978376388549804688e+00
-5.447838783264160156e+00
-3.019214630126953125e+00
-3.625136613845825195e+00
6.890706419944763184e-01
-2.012099027633666992e+00
-1.037674999237060547e+01
4.500000000000000000e+00
4.366296768188476562e+00
7.298713207244873047e+00
-1.913947910070419312e-01
1.218902230262756348e+00
1.049135017395019531e+01
-1.489078760147094727e+00
-1.540164828300476074e+00
-6.136063575744628906e+00
4.325843334197998047e+00
4.674994468688964844e+00
-5.123118877410888672e+00
2.629196166992187500e+00
1.283538460731506348e+00
7.129683494567871094e+00
-5.674994468688964844e+00
-8.136633872985839844e+00
9.872608184814453125e-01
-2.723710775375366211e+00
2.464462965726852417e-01
-7.491350650787353516e+00
5.827956199645996094e+00
9.691338539123535156e+00
2.201230287551879883e+00
2.680561780929565430e+00
-1.500000000000000000e+00
9.134118080139160156e+00
-2.251776456832885742e+00
-5.837872982025146484e+00
-1.856540441513061523e-01
2.019214630126953125e+00
7.454403400421142578e+00
-6.065642356872558594e+00
1.876063108444213867e+00
3.833357095718383789e+00
2.028582841157913208e-01
-4.102160453796386719e+00
-1.126827144622802734e+01
3.768328189849853516e+00
-9.446980357170104980e-01
-1.202858328819274902e+00
-5.907246470451354980e-01
4.387812614440917969e+00
1.321444511413574219e+01
-1.643612742424011230e+00
9.807853698730468750e-01
1.790895462036132812e-01
3.925138711929321289e+00
3.390419781208038330e-01
-9.140682220458984375e+00
4.500000000000000000e+00
3.130228757858276367e+00
4.947572231292724609e+00
-3.427462816238403320e+00
-2.585323810577392578e+00
6.491350650787353516e+00
-5.293304920196533203e+00
-4.776232719421386719e+00
-8.487204551696777344e+00
3.089775085449218750e+00
4.674994468688964844e+00
-3.887050867080688477e+00
4.980337142944335938e+00
4.519606590270996094e+00
1.093390941619873047e+01
-1.674994230270385742e+00
-4.332407474517822266e+00
4.223328590393066406e+00
-3.725697398185729980e-01
1.482514262199401855e+00
-7.491350650787353516e+00
4.591888427734375000e+00
7.340197563171386719e+00
-1.034837841987609863e+00
-1.123664140701293945e+00
-5.500000000000000000e+00
5.329891681671142578e+00
-5.487844467163085938e+00
-8.189014434814453125e+00
-1.421722054481506348e+00
2.019214630126953125e+00
8.690471649169921875e+00
-3.714501142501831055e+00
5.112131118774414062e+00
7.637583255767822266e+00
4.202858448028564453e+00
-2.979344427585601807e-01
-8.032203674316406250e+00
6.119469165802001953e+00
2.913699448108673096e-01
-1.202858328819274902e+00
-1.826792597770690918e+00
2.036671400070190430e+00
9.978376388549804688e+00
-5.447838783264160156e+00
-3.019214630126953125e+00
-3.625136613845825195e+00
6.890706419944763184e-01
-2.012099027633666992e+00
-1.037674999237060547e+01
4.500000000000000000e+00
4.366296768188476562e+00
7.298713207244873047e+00
-1.913947910070419312e-01
1.218902230262756348e+00
1.049135017395019531e+01
-1.489078760147094727e+00
-1.540164828300476074e+00
-6.136063575744628906e+00
4.325843334197998047e+00
4.674994468688964844e+00
-5.123118877410888672e+00
2.629196166992187500e+00
1.283538460731506348e+00
7.129683494567871094e+00
-5.674994468688964844e+00
-8.136633872985839844e+00
9.872608184814453125e-01
-2.723710775375366211e+00
2.464462965726852417e-01
-7.491350650787353516e+00
5.827956199645996094e+00
9.691338539123535156e+00
2.201230287551879883e+00
2.680561780929565430e+00
-1.500000000000000000e+00
9.134118080139160156e+00
-2.251776456832885742e+00
-5.837872982025146484e+00
-1.856540441513061523e-01
2.019214630126953125e+00
7.454403400421142578e+00
-6.065642356872558594e+00
1.876063108444213867e+00
3.833357095718383789e+00
2.028582841157913208e-01
-4.102160453796386719e+00
-1.126827144622802734e+01
3.768328189849853516e+00
-9.446980357170104980e-01
-1.202858328819274902e+00
-5.907246470451354980e-01
4.387812614440917969e+00
1.321444511413574219e+01
-1.643612742424011230e+00
9.807853698730468750e-01
1.790895462036132812e-01
3.925138711929321289e+00
3.390419781208038330e-01
-9.140682220458984375e+00
4.500000000000000000e+00
3.130228757858276367e+00
4.947572231292724609e+00
-3.427462816238403320e+00
-2.585323810577392578e+00
6.491350650787353516e+00
-5.293304920196533203e+00
-4.776232719421386719e+00
-8.487204551696777344e+00
3.089775085449218750e+00
4.674994468688964844e+00
-3.887050867080688477e+00
4.980337142944335938e+00
4.519606590270996094e+00
1.093390941619873047e+01
-1.674994230270385742e+00
-4.332407474517822266e+00
4.223328590393066406e+00
-3.725697398185729980e-01
1.482514262199401855e+00
-7.491350650787353516e+00
4.591888427734375000e+00
7.340197563171386719e+00
-1.034837841987609863e+00
-1.123664140701293945e+00
-5.500000000000000000e+00
5.329891681671142578e+00
-5.487844467163085938e+00
-8.189014434814453125e+00
-1.421722054481506348e+00
2.019214630126953125e+00
8.690471649169921875e+00
-3.714501142501831055e+00
5.112131118774414062e+00
7.637583255767822266e+00
4.202858448028564453e+00
-2.979344427585601807e-01
-8.032203674316406250e+00
6.119469165802001953e+00
2.913699448108673096e-01
-1.202858328819274902e+00
-1.826792597770690918e+00
2.036671400070190430e+00
9.978376388549804688e+00
-5.447838783264160156e+00
-3.019214630126953125e+00
-3.625136613845825195e+00
6.890706419944763184e-01
-2.012099027633666992e+00
-1.037674999237060547e+01
4.500000000000000000e+00
4.366296768188476562e+00
7.298713207244873047e+00
-1.913947910070419312e-01
1.218902230262756348e+00
1.049135017395019531e+01
-1.489078760147094727e+00
-1.540164828300476074e+00
-6.136063575744628906e+00
4.325843334197998047e+00
4.674994468688964844e+00
-5.123118877410888672e+00
2.629196166992187500e+00
1.283538460731506348e+00
7.129683494567871094e+00
-5.674994468688964844e+00
-8.136633872985839844e+00
9.872608184814453125e-01
-2.723710775375366211e+00
2.464462965726852417e-01
-7.491350650787353516e+00
5.827956199645996094e+00
9.691338539123535156e+00
2.201230287551879883e+00
2.680561780929565430e+00
-1.500000000000000000e+00
9.134118080139160156e+00
-2.251776456832885742e+00
-5.837872982025146484e+00
-1.856540441513061523e-01
2.019214630126953125e+00
7.454403400421142578e+00
-6.065642356872558594e+00
1.876063108444213867e+00
3.833357095718383789e+00
2.028582841157913208e-01
-4.102160453796386719e+00
-1.126827144622802734e+01
3.768328189849853516e+00
-9.446980357170104980e-01
-1.202858328819274902e+00
-5.907246470451354980e-01
4.387812614440917969e+00
1.321444511413574219e+01
-1.643612742424011230e+00
9.807853698730468750e-01
1.790895462036132812e-01
3.925138711929321289e+00
3.390419781208038330e-01
-9.140682220458984375e+00
4.500000000000000000e+00
3.130228757858276367e+00
4.947572231292724609e+00
-3.427462816238403320e+00
-2.585323810577392578e+00
6.491350650787353516e+00
-5.293304920196533203e+00
-4.776232719421386719e+00
-8.487204551696777344e+00
3.089775085449218750e+00
4.674994468688964844e+00
-3.887050867080688477e+00
4.980337142944335938e+00
4.519606590270996094e+00
1.093390941619873047e+01
-1.674994230270385742e+00
-4.332407474517822266e+00
4.223328590393066406e+00
-3.725697398185729980e-01
1.482514262199401855e+00
-7.491350650787353516e+00
4.591888427734375000e+00
7.340197563171386719e+00
-1.034837841987609863e+00
-1.123664140701293945e+00
-5.500000000000000000e+00
5.329891681671142578e+00
-5.487844467163085938e+00
-8.189014434814453125e+00
-1.421722054481506348e+00
2.019214630126953125e+00
8.690471649169921875e+00
-3.714501142501831055e+00
5.112131118774414062e+00
7.637583255767822266e+00
4.202858448028564453e+00
-2.979344427585601807e-01
-8.032203674316406250e+00
6.119469165802001953e+00
2.913699448108673096e-01
-1.202858328819274902e+00
-1.826792597770690918e+00
2.036671400070190430e+00
9.978376388549804688e+00
-5.447838783264160156e+00
-3.019214630126953125e+00
-3.625136613845825195e+00
6.890706419944763184e-01
-2.012099027633666992e+00
-1.037674999237060547e+01
4.500000000000000000e+00
4.366296768188476562e+00
7.298713207244873047e+00
-1.913947910070419312e-01
1.218902230262756348e+00
1.049135017395019531e+01
-1.489078760147094727e+00
-1.540164828300476074e+00
-6.136063575744628906e+00
4.325843334197998047e+00
4.674994468688964844e+00
-5.123118877410888672e+00
2.629196166992187500e+00
1.283538460731506348e+00
7.129683494567871094e+00
-5.674994468688964844e+00
-8.136633872985839844e+00
9.872608184814453125e-01
-2.723710775375366211e+00
2.464462965726852417e-01
-7.491350650787353516e+00
5.827956199645996094e+00
9.691338539123535156e+00
2.201230287551879883e+00
2.680561780929565430e+00
-1.500000000000000000e+00
9.134118080139160156e+00
-2.251776456832885742e+00
-5.837872982025146484e+00
-1.856540441513061523e-01
2.019214630126953125e+00
7.454403400421142578e+00
-6.065642356872558594e+00
1.876063108444213867e+00
3.833357095718383789e+00
2.028582841157913208e-01
-4.102160453796386719e+00
-1.126827144622802734e+01
3.768328189849853516e+00
-9.446980357170104980e-01
-1.202858328819274902e+00
-5.907246470451354980e-01
4.387812614440917969e+00
1.321444511413574219e+01
-1.643612742424011230e+00
9.807853698730468750e-01
1.790895462036132812e-01
3.925138711929321289e+00
3.390419781208038330e-01
-9.140682220458984375e+00
4.500000000000000000e+00
3.130228757858276367e+00
4.947572231292724609e+00
-3.427462816238403320e+00
-2.585323810577392578e+00
6.491350650787353516e+00
-5.293304920196533203e+00
-4.776232719421386719e+00
-8.487204551696777344e+00
3.089775085449218750e+00
4.674994468688964844e+00
-3.887050867080688477e+00
4.980337142944335938e+00
4.519606590270996094e+00
1.093390941619873047e+01
-1.674994230270385742e+00
-4.332407474517822266e+00
4.223328590393066406e+00
-3.725697398185729980e-01
1.482514262199401855e+00
-7.491350650787353516e+00
4.591888427734375000e+00
7.340197563171386719e+00
-1.034837841987609863e+00
-1.123664140701293945e+00
-5.500000000000000000e+00
5.329891681671142578e+00
-5.487844467163085938e+00
-8.189014434814453125e+00
-1.421722054481506348e+00
2.019214630126953125e+00
8.690471649169921875e+00
-3.714501142501831055e+00
5.112131118774414062e+00
7.637583255767822266e+00
4.202858448028564453e+00
-2.979344427585601807e-01
-8.032203674316406250e+00
6.119469165802001953e+00
2.913699448108673096e-01
-1.202858328819274902e+00
-1.826792597770690918e+00
2.036671400070190430e+00
9.978376388549804688e+00
-5.447838783264160156e+00
-3.019214630126953125e+00
-3.625136613845825195e+00
6.890706419944763184e-01
-2.012099027633666992e+00
-1.037674999237060547e+01
4.500000000000000000e+00
4.366296768188476562e+00
7.298713207244873047e+00
-1.913947910070419312e-01
1.218902230262756348e+00
1.049135017395019531e+01
-1.489078760147094727e+00
-1.540164828300476074e+00
-6.136063575744628906e+00
4.325843334197998047e+00
4.674994468688964844e+00
-5.123118877410888672e+00
2.629196166992187500e+00
1.283538460731506348e+00
7.129683494567871094e+00
-5.674994468688964844e+00
-8.136633872985839844e+00
9.872608184814453125e-01
-2.723710775375366211e+00
2.464462965726852417e-01
-7.491350650787353516e+00
5.827956199645996094e+00
9.691338539123535156e+00
2.201230287551879883e+00
2.680561780929565430e+00
-1.500000000000000000e+00
9.134118080139160156e+00
-2.251776456832885742e+00
-5.837872982025146484e+00
-1.856540441513061523e-01
2.019214630126953125e+00
7.454403400421142578e+00
-6.065642356872558594e+00
1.876063108444213867e+00
3.833357095718383789e+00
2.028582841157913208e-01
-4.102160453796386719e+00
-1.126827144622802734e+01
3.768328189849853516e+00
-9.446980357170104980e-01
-1.202858328819274902e+00
-5.907246470451354980e-01
4.387812614440917969e+00
1.321444511413574219e+01
-1.643612742424011230e+00
9.807853698730468750e-01
1.790895462036132812e-01
3.925138711929321289e+00
3.390419781208038330e-01
-9.140682220458984375e+00
4.500000000000000000e+00
3.130228757858276367e+00
4.947572231292724609e+00
-3.427462816238403320e+00
-2.585323810577392578e+00
6.491350650787353516e+00
-5.293304920196533203e+00
-4.776232719421386719e+00
-8.487204551696777344e+00
3.089775085449218750e+00
4.674994468688964844e+00
-3.887050867080688477e+00
4.980337142944335938e+00
4.519606590270996094e+00
1.093390941619873047e+01
-1.674994230270385742e+00
-4.332407474517822266e+00
4.223328590393066406e+00
-3.725697398185729980e-01
1.482514262199401855e+00
-7.491350650787353516e+00
4.591888427734375000e+00
7.340197563171386719e+00
-1.034837841987609863e+00
-1.123664140701293945e+00
-5.500000000000000000e+00
5.329891681671142578e+00
-5.487844467163085938e+00
-8.189014434814453125e+00
-1.421722054481506348e+00
2.019214630126953125e+00
8.690471649169921875e+00
-3.714501142501831055e+00
5.112131118774414062e+00
7.637583255767822266e+00
4.202858448028564453e+00
-2.979344427585601807e-01
-8.032203674316406250e+00
6.119469165802001953e+00
2.913699448108673096e-01
-1.202858328819274902e+00
-1.826792597770690918e+00
2.036671400070190430e+00
9.978376388549804688e+00
-5.447838783264160156e+00
-3.019214630126953125e+00
-3.625136613845825195e+00
6.890706419944763184e-01
-2.012099027633666992e+00
-1.037674999237060547e+01
4.500000000000000000e+00
4.366296768188476562e+00
7.298713207244873047e+00
-1.913947910070419312e-01
1.218902230262756348e+00
1.049135017395019531e+01
-1.489078760147094727e+00
-1.540164828300476074e+00
-6.136063575744628906e+00
4.325843334197998047e+00
4.674994468688964844e+00
-5.123118877410888672e+00
2.629196166992187500e+00
1.283538460731506348e+00
7.129683494567871094e+00
-5.674994468688964844e+00
-8.136633872985839844e+00
9.872608184814453125e-01
-2.723710775375366211e+00
2.464462965726852417e-01
-7.491350650787353516e+00
5.827956199645996094e+00
9.691338539123535156e+00
2.201230287551879883e+00
2.680561780929565430e+00
-1.500000000000000000e+00
9.134118080139160156e+00
-2.251776456832885742e+00
-5.837872982025146484e+00
-1.856540441513061523e-01
2.019214630126953125e+00
7.454403400421142578e+00
-6.065642356872558594e+00
1.876063108444213867e+00
3.833357095718383789e+00
2.028582841157913208e-01
-4.102160453796386719e+00
-1.126827144622802734e+01
3.768328189849853516e+00
-9.446980357170104980e-01
-1.202858328819274902e+00
-5.907246470451354980e-01
4.387812614440917969e+00
1.321444511413574219e+01
-1.643612742424011230e+00
9.807853698730468750e-01
1.790895462036132812e-01
3.925138711929321289e+00
3.390419781208038330e-01
-9.140682220458984375e+00
4.500000000000000000e+00
3.130228757858276367e+00
4.947572231292724609e+00
-3.427462816238403320e+00
-2.585323810577392578e+00
6.491350650787353516e+00
-5.293304920196533203e+00
-4.776232719421386719e+00
-8.487204551696777344e+00
3.089775085449218750e+00
4.674994468688964844e+00
-3.887050867080688477e+00
4.980337142944335938e+00
4.519606590270996094e+00
1.093390941619873047e+01
-1.674994230270385742e+00
-4.332407474517822266e+00
4.223328590393066406e+00
-3.725697398185729980e-01
1.482514262199401855e+00
-7.491350650787353516e+00
4.591888427734375000e+00
7.340197563171386719e+00
-1.034837841987609863e+00
-1.123664140701293945e+00
-5.500000000000000000e+00
5.329891681671142578e+00
-5.487844467163085938e+00
-8.189014434814453125e+00
-1.421722054481506348e+00
2.019214630126953125e+00
8.690471649169921875e+00
-3.714501142501831055e+00
5.112131118774414062e+00
7.637583255767822266e+00
4.202858448028564453e+00
-2.979344427585601807e-01
-8.032203674316406250e+00
6.119469165802001953e+00
2.913699448108673096e-01
-1.202858328819274902e+00
-1.826792597770690918e+00
2.036671400070190430e+00
9.978376388549804688e+00
-5.447838783264160156e+00
-3.019214630126953125e+00
-3.625136613845825195e+00
6.890706419944763184e-01
-2.012099027633666992e+00
-1.037674999237060547e+01
4.500000000000000000e+00
4.366296768188476562e+00
7.298713207244873047e+00
-1.913947910070419312e-01
1.218902230262756348e+00
1.049135017395019531e+01
-1.489078760147094727e+00
-1.540164828300476074e+00
-6.136063575744628906e+00
4.325843334197998047e+00
4.674994468688964844e+00
-5.123118877410888672e+00
2.629196166992187500e+00
1.283538460731506348e+00
7.129683494567871094e+00
-5.674994468688964844e+00
-8.136633872985839844e+00
9.872608184814453125e-01
-2.723710775375366211e+00
2.464462965726852417e-01
-7.491350650787353516e+00
5.827956199645996094e+00
9.691338539123535156e+00
2.201230287551879883e+00
2.680561780929565430e+00
-1.500000000000000000e+00
9.134118080139160156e+00
-2.251776456832885742e+00
-5.837872982025146484e+00
-1.856540441513061523e-01
2.019214630126953125e+00
7.454403400421142578e+00
-6.065642356872558594e+00
1.876063108444213867e+00
3.833357095718383789e+00
2.028582841157913208e-01
-4.102160453796386719e+00
-1.126827144622802734e+01
3.768328189849853516e+00
-9.446980357170104980e-01
-1.202858328819274902e+00
-5.907246470451354980e-01
4.387812614440917969e+00
1.321444511413574219e+01
-1.643612742424011230e+00
9.807853698730468750e-01
1.790895462036132812e-01
3.925138711929321289e+00
3.390419781208038330e-01
-9.140682220458984375e+00
4.500000000000000000e+00
3.130228757858276367e+00
4.947572231292724609e+00
-3.427462816238403320e+00
-2.585323810577392578e+00
6.491350650787353516e+00
-5.293304920196533203e+00
-4.776232719421386719e+00
-8.487204551696777344e+00
3.089775085449218750e+00
4.674994468688964844e+00
-3.887050867080688477e+00
4.980337142944335938e+00
4.519606590270996094e+00
1.093390941619873047e+01
-1.674994230270385742e+00
-4.332407474517822266e+00
4.223328590393066406e+00
-3.725697398185729980e-01
1.482514262199401855e+00
-7.491350650787353516e+00
4.591888427734375000e+00
7.340197563171386719e+00
-1.034837841987609863e+00
-1.123664140701293945e+00
-5.500000000000000000e+00
5.329891681671142578e+00
-5.487844467163085938e+00
-8.189014434814453125e+00
-1.421722054481506348e+00
2.019214630126953125e+00
8.690471649169921875e+00
-3.714501142501831055e+00
5.112131118774414062e+00
7.637583255767822266e+00
4.202858448028564453e+00
-2.979344427585601807e-01
-8.032203674316406250e+00
6.119469165802001953e+00
2.913699448108673096e-01
-1.202858328819274902e+00
-1.826792597770690918e+00
2.036671400070190430e+00
9.978376388549804688e+00
-5.447838783264160156e+00
-3.019214630126953125e+00
-3.625136613845825195e+00
6.890706419944763184e-01
-2.012099027633666992e+00
-1.037674999237060547e+01
4.500000000000000000e+00
4.366296768188476562e+00
7.298713207244873047e+00
-1.913947910070419312e-01
1.218902230262756348e+00
1.049135017395019531e+01
-1.489078760147094727e+00
-1.540164828300476074e+00
-6.136063575744628906e+00
4.325843334197998047e+00
4.674994468688964844e+00
-5.123118877410888672e+00
2.629196166992187500e+00
1.283538460731506348e+00
7.129683494567871094e+00
-5.674994468688964844e+00
-8.136633872985839844e+00
9.872608184814453125e-01
-2.723710775375366211e+00
2.464462965726852417e-01
-7.491350650787353516e+00
5.827956199645996094e+00
9.691338539123535156e+00
2.201230287551879883e+00
2.680561780929565430e+00
-1.500000000000000000e+00
9.134118080139160156e+00
-2.251776456832885742e+00
-5.837872982025146484e+00
-1.856540441513061523e-01
2.019214630126953125e+00
7.454403400421142578e+00
-6.065642356872558594e+00
1.876063108444213867e+00
3.833357095718383789e+00
2.028582841157913208e-01
-4.102160453796386719e+00
-1.126827144622802734e+01
3.768328189849853516e+00
-9.446980357170104980e-01
-1.202858328819274902e+00
-5.907246470451354980e-01
4.387812614440917969e+00
1.321444511413574219e+01
-1.643612742424011230e+00
9.807853698730468750e-01
1.790895462036132812e-01
3.925138711929321289e+00
3.390419781208038330e-01
-9.140682220458984375e+00
4.500000000000000000e+00
3.130228757858276367e+00
4.947572231292724609e+00
-3.427462816238403320e+00
-2.585323810577392578e+00
6.491350650787353516e+00
-5.293304920196533203e+00
-4.776232719421386719e+00
-8.487204551696777344e+00
3.089775085449218750e+00
4.674994468688964844e+00
-3.887050867080688477e+00
4.980337142944335938e+00
4.519606590270996094e+00
1.093390941619873047e+01
-1.674994230270385742e+00
-4.332407474517822266e+00
4.223328590393066406e+00
-3.725697398185729980e-01
1.482514262199401855e+00
-7.491350650787353516e+00
4.591888427734375000e+00
7.340197563171386719e+00
-1.034837841987609863e+00
-1.123664140701293945e+00
-5.500000000000000000e+00
5.329891681671142578e+00
-5.487844467163085938e+00
-8.189014434814453125e+00
-1.421722054481506348e+00
2.019214630126953125e+00
8.690471649169921875e+00
-3.714501142501831055e+00
5.112131118774414062e+00
7.637583255767822266e+00
4.202858448028564453e+00
-2.979344427585601807e-01
-8.032203674316406250e+00
6.119469165802001953e+00
2.913699448108673096e-01
-1.202858328819274902e+00
-1.826792597770690918e+00
2.036671400070190430e+00
9.978376388549804688e+00
-5.447838783264160156e+00
-3.019214630126953125e+00
-3.625136613845825195e+00
6.890706419944763184e-01
-2.012099027633666992e+00
-1.037674999237060547e+01
